on test set
constant  : 0.693071
logistic  : 0.692171
